14
6
6
6
5
6
5
5
4
4
3
0
1
2
2
2
2
1
0
0
0
0
15
10
10
12
11
12
11
11
10
11
9
7
8
8
7
7
7
6
4
4
1
0
14
9
10
13
12
13
12
12
11
12
11
10
10
10
9
9
10
8
5
4
1
2
15
11
12
15
14
15
15
14
13
14
14
13
13
13
12
13
12
12
7
7
3
0
12
8
9
13
12
13
13
12
11
12
12
11
11
11
10
11
11
10
4
4
0
0
15
11
12
15
15
15
15
15
14
15
14
14
14
14
13
14
14
13
8
7
3
0
10
7
8
13
12
13
12
11
10
11
11
11
11
10
10
10
11
9
3
3
0
1
15
10
12
15
15
15
15
15
14
14
14
14
14
14
14
14
14
12
8
7
3
0
10
6
7
12
11
12
11
11
10
10
10
10
9
9
9
10
10
7
2
2
1
0
12
8
10
14
13
14
13
13
12
13
13
13
12
12
12
12
13
9
5
5
1
0
9
5
8
11
10
11
10
10
9
10
9
10
9
9
8
9
10
4
2
2
0
0
10
5
9
11
10
11
10
10
9
9
9
10
9
9
8
9
10
3
2
2
0
1
9
5
9
11
10
11
10
9
9
9
8
9
8
8
7
8
9
3
2
2
0
0
9
5
11
12
10
11
10
10
9
10
9
10
9
9
8
9
10
3
2
2
0
0
4
1
8
8
6
7
6
6
5
5
5
5
4
5
3
4
5
0
0
0
2
0
0
1
8
9
7
8
7
7
6
7
6
6
5
5
5
5
5
1
0
0
3
0
7
3
10
10
9
9
8
8
7
8
8
8
6
6
6
6
5
1
0
0
0
0
10
5
11
11
10
11
10
9
9
9
9
9
8
8
7
7
6
2
1
1
2
2
11
6
13
12
11
12
12
11
11
11
11
11
10
10
9
9
8
3
3
3
0
0
12
7
13
12
12
13
12
11
11
12
12
12
11
10
10
9
8
4
3
3
0
10
12
8
14
14
13
14
13
13
12
13
13
13
12
12
11
10
9
5
4
4
1
0
12
8
13
13
12
13
12
12
12
12
12
12
12
11
11
9
7
4
4
3
0
2
14
10
15
14
14
14
14
14
13
13
14
14
14
13
12
12
9
7
6
6
2
0
11
8
12
11
11
11
11
11
10
10
10
11
11
10
9
9
6
3
3
3
0
0
14
11
13
13
12
13
12
12
12
12
12
13
13
12
12
11
9
7
7
7
3
0
12
7
10
9
8
9
8
8
7
8
8
8
8
7
7
6
6
4
4
3
0
0
14
10
12
11
11
12
11
11
10
11
10
11
10
10
10
9
9
7
7
6
3
0
13
9
11
10
10
10
10
9
9
9
9
9
9
8
8
7
8
5
5
5
1
0
15
13
15
14
13
14
13
13
13
13
13
13
13
13
12
12
12
10
10
10
6
0
12
7
9
9
8
9
8
8
7
7
8
8
7
7
6
6
6
4
4
3
1
0
11
5
7
7
6
7
6
6
5
5
5
6
5
5
5
5
5
3
3
2
0
0
2
1
0
0
0
0
0
0
0
0
0
0
0
0
0
0
0
2
0
0
2
0
